ATOMS
  0.00000    0.00000    0.00000    0 Si1            0.00000     0
 -1.35750    1.35750    1.35750    1 Si1            2.35126     1
  1.35750   -1.35750    1.35750    1 Si1            2.35126     2
  1.35750    1.35750   -1.35750    1 Si1            2.35126     3
 -1.35750   -1.35750   -1.35750    1 Si1            2.35126     4
  2.71500    2.71500    0.00000    1 Si1            3.83959     5
 -2.71500    2.71500    0.00000    1 Si1            3.83959     6
  2.71500   -2.71500    0.00000    1 Si1            3.83959     7
 -2.71500   -2.71500    0.00000    1 Si1            3.83959     8
  2.71500    0.00000    2.71500    1 Si1            3.83959     9
 -2.71500    0.00000    2.71500    1 Si1            3.83959    10
  0.00000    2.71500    2.71500    1 Si1            3.83959    11
  0.00000   -2.71500    2.71500    1 Si1            3.83959    12
  2.71500    0.00000   -2.71500    1 Si1            3.83959    13
 -2.71500    0.00000   -2.71500    1 Si1            3.83959    14
  0.00000    2.71500   -2.71500    1 Si1            3.83959    15
  0.00000   -2.71500   -2.71500    1 Si1            3.83959    16
  4.07250    1.35750    1.35750    1 Si1            4.50232    17
  1.35750    4.07250    1.35750    1 Si1            4.50232    18
 -4.07250   -1.35750    1.35750    1 Si1            4.50232    19
 -1.35750   -4.07250    1.35750    1 Si1            4.50232    20
  1.35750    1.35750    4.07250    1 Si1            4.50232    21
 -1.35750   -1.35750    4.07250    1 Si1            4.50232    22
 -4.07250    1.35750   -1.35750    1 Si1            4.50232    23
 -1.35750    4.07250   -1.35750    1 Si1            4.50232    24
  4.07250   -1.35750   -1.35750    1 Si1            4.50232    25
  1.35750   -4.07250   -1.35750    1 Si1            4.50232    26
 -1.35750    1.35750   -4.07250    1 Si1            4.50232    27
  1.35750   -1.35750   -4.07250    1 Si1            4.50232    28
  5.43000    0.00000    0.00000    1 Si1            5.43000    29
 -5.43000    0.00000    0.00000    1 Si1            5.43000    30
  0.00000    5.43000    0.00000    1 Si1            5.43000    31
  0.00000   -5.43000    0.00000    1 Si1            5.43000    32
  0.00000    0.00000    5.43000    1 Si1            5.43000    33
  0.00000    0.00000   -5.43000    1 Si1            5.43000    34
 -4.07250    4.07250    1.35750    1 Si1            5.91721    35
  4.07250   -4.07250    1.35750    1 Si1            5.91721    36
 -4.07250    1.35750    4.07250    1 Si1            5.91721    37
 -1.35750    4.07250    4.07250    1 Si1            5.91721    38
  4.07250   -1.35750    4.07250    1 Si1            5.91721    39
  1.35750   -4.07250    4.07250    1 Si1            5.91721    40
  4.07250    4.07250   -1.35750    1 Si1            5.91721    41
 -4.07250   -4.07250   -1.35750    1 Si1            5.91721    42
  4.07250    1.35750   -4.07250    1 Si1            5.91721    43
  1.35750    4.07250   -4.07250    1 Si1            5.91721    44
 -4.07250   -1.35750   -4.07250    1 Si1            5.91721    45
 -1.35750   -4.07250   -4.07250    1 Si1            5.91721    46
  5.43000    2.71500    2.71500    1 Si1            6.65036    47
 -5.43000    2.71500    2.71500    1 Si1            6.65036    48
  2.71500    5.43000    2.71500    1 Si1            6.65036    49
 -2.71500    5.43000    2.71500    1 Si1            6.65036    50
  5.43000   -2.71500    2.71500    1 Si1            6.65036    51
 -5.43000   -2.71500    2.71500    1 Si1            6.65036    52
  2.71500   -5.43000    2.71500    1 Si1            6.65036    53
 -2.71500   -5.43000    2.71500    1 Si1            6.65036    54
  2.71500    2.71500    5.43000    1 Si1            6.65036    55
 -2.71500    2.71500    5.43000    1 Si1            6.65036    56
  2.71500   -2.71500    5.43000    1 Si1            6.65036    57
 -2.71500   -2.71500    5.43000    1 Si1            6.65036    58
  5.43000    2.71500   -2.71500    1 Si1            6.65036    59
 -5.43000    2.71500   -2.71500    1 Si1            6.65036    60
  2.71500    5.43000   -2.71500    1 Si1            6.65036    61
 -2.71500    5.43000   -2.71500    1 Si1            6.65036    62
  5.43000   -2.71500   -2.71500    1 Si1            6.65036    63
 -5.43000   -2.71500   -2.71500    1 Si1            6.65036    64
  2.71500   -5.43000   -2.71500    1 Si1            6.65036    65
 -2.71500   -5.43000   -2.71500    1 Si1            6.65036    66
  2.71500    2.71500   -5.43000    1 Si1            6.65036    67
 -2.71500    2.71500   -5.43000    1 Si1            6.65036    68
  2.71500   -2.71500   -5.43000    1 Si1            6.65036    69
 -2.71500   -2.71500   -5.43000    1 Si1            6.65036    70